18541
19400
19401
19402
19403
19404
19405
19406
19407
19408
20087
20447
20507
20508
21889
21890
22129
22130
22132
22150
22507
23854
24051
24078
24079
24290
24409
24410
24540
24541
24542
24543
24544
24545
25084
25085
27227
27228
27467
27468
27469
27470
27484
27587
27588
27707
27708
27765
27950
29740
29778
30181
30661
32147
32478
34320
34646
34647
34648
34649
35160
35267
35268
35685
37485
37721
39767
40398
41881
42347
42348
43849
45167
45168
45169
45170
45558
45767
45768
46007
46453
47027
47267
47268
47747
47748
48797
49910
50149
50152
50153
50154
50155
50156
50157
50158
50160
50161
50163
50167
50168
50169
50170
50267
50268
50279
50519
50627
50628
51018
51138
51179
52129
52500
52510
52757
52861
53361
53362
53597
53811
53933
54195
54306
54318
54331
54371
54372
54531
54599
54600
54601
54602
54618
54620
54839
54840
54841
54842
54843
54844
54845
54846
54847
54848
54849
54850
54851
54852
55116
55312
55444
55501
55547
55548
55549
55698
55701
60231
60247
60250
63937
64247
64248
64373
64374
64375
64376
64377
64378
64501
64603
64847
64848
65880
65881
66020
66353
66354
66355
66356
66357
66358
66359
66361
66362
66370
66371
66372
68718
